1527447267.5427406<nbCompo>[3.3095031195454445, 3.5600150798648444, 2.7880986623546473, 3.2658509870859556]
1527447267.9594338<nbCompo>[3.3095031195454445, 3.5600150798648444, 2.7880986623546473, 3.2658509870859556]
1527447283.7033129<nbCompo>[3.2137768524691284, 2.915449610466161, 3.0035922487542175, 3.9114017299374684, 3.9114017299374684]
1527447283.7227309<nbCompo>[3.2137768524691284, 2.915449610466161, 3.0035922487542175, 3.9114017299374684, 3.9114017299374684]
1527449826.7024286<nbCompo>[38.67406841783556, 37.71961152358223, 38.22229010054171]
1527449826.8414793<nbCompo>[38.67406841783556, 37.71961152358223, 38.22229010054171, 36.72647541728034]
1527450020.0017607<nbCompo>[37.06238097346861, 37.83850985158422, 34.94227868826126]
1527450020.136008<nbCompo>[37.06238097346861, 37.83850985158422, 34.94227868826126, 34.77730346330939]
1527450068.069426<nbCompo>[36.92460736392302, 36.77699763692019, 34.881177057834016]
1527450068.1860406<nbCompo>[36.92460736392302, 36.77699763692019, 34.881177057834016, 34.833155634136666]
1527450143.8302615<nbCompo>[36.60481362555912, 35.91832714684234, 37.63513295302842]
1527450143.9259017<nbCompo>[36.60481362555912, 35.91832714684234, 37.63513295302842, 36.113641998299286]
1527450177.9137661<nbCompo>[36.749761549508406, 40.54181645995383, 35.66954050885893]
1527450177.9987464<nbCompo>[36.749761549508406, 40.54181645995383, 35.66954050885893, 34.67684200825684]
1527450206.0348294<nbCompo>[37.78685878197056, 38.34023025879002, 34.814058782235925, 33.79243004009523]
1527450206.1760685<nbCompo>[37.78685878197056, 38.34023025879002, 34.814058782235925, 33.79243004009523]
0.45295023918151855<nbCompo>[37.314829726534875, 36.408830298234506, 37.236883086833274]
0.5578019618988037<nbCompo>[37.314829726534875, 36.408830298234506, 37.236883086833274, 33.40820687843111]
0.6593213081359863<nbCompo>[36.10714571828498, 35.85739750206821, 35.199880071385024, 36.976951620335775]
0.9237468242645264<nbCompo>[36.10714571828498, 35.85739750206821, 35.199880071385024, 36.976951620335775]
