1527447267.5427406<nbCompo>[66.24544730884416, 61.534775737002235, 51.739206770594286, 45.75609674122329]
1527447267.9594338<nbCompo>[66.24544730884416, 61.534775737002235, 51.739206770594286, 45.75609674122329]
1527447283.7033129<nbCompo>[68.99987836161053, 63.214955332389906, 48.1577869784918, 59.8586006280126, 58.51056656302594]
1527447283.7227309<nbCompo>[68.99987836161053, 63.214955332389906, 48.1577869784918, 59.8586006280126, 58.51056656302594]
1527449826.7024286<nbCompo>[68.69978147469774, 59.30109959558358, 49.407286177592]
1527449826.8414793<nbCompo>[68.69978147469774, 59.30109959558358, 49.407286177592, 52.01862482840641]
1527450020.0017607<nbCompo>[65.53776602321994, 59.406541201745085, 49.36909618412239]
1527450020.136008<nbCompo>[65.53776602321994, 59.406541201745085, 49.36909618412239, 46.431738452100376]
1527450068.069426<nbCompo>[68.01424749053649, 62.31638199274021, 51.199519754380155]
1527450068.1860406<nbCompo>[68.01424749053649, 62.31638199274021, 51.199519754380155, 45.883525844194914]
1527450143.8302615<nbCompo>[65.75165041608753, 57.82256913826506, 48.00561555994149]
1527450143.9259017<nbCompo>[65.75165041608753, 57.82256913826506, 48.00561555994149, 52.8700223036038]
1527450177.9137661<nbCompo>[68.58666874774215, 59.82684432625606, 55.03625507068994, 47.60070533770121]
1527450177.9987464<nbCompo>[68.58666874774215, 59.82684432625606, 55.03625507068994, 47.60070533770121]
1527450206.0348294<nbCompo>[70.0006045007611, 63.71589217303053, 47.89561260468457, 45.50026844807705]
1527450206.1760685<nbCompo>[70.0006045007611, 63.71589217303053, 47.89561260468457, 45.50026844807705]
0.45295023918151855<nbCompo>[66.79373483055575, 65.32515321253517, 49.81583626140231]
0.5578019618988037<nbCompo>[66.79373483055575, 65.32515321253517, 49.81583626140231, 45.21519535599214]
0.6593213081359863<nbCompo>[69.79806613176846, 61.43865921391651, 48.36246220346, 47.18002424701323]
0.9237468242645264<nbCompo>[69.79806613176846, 61.43865921391651, 48.36246220346, 47.18002424701323]
